function [d1,d2,d3,d4] =  RobotSpec_Assembly()

d1 =(192+12)/1000;
d2 = 290/1000;
d3 = 290/1000;
d4 = 145/1000;

end